%YAML:1.0
---
K: !!opencv-matrix
   rows: 3
   cols: 3
   dt: d
   data: [ 1.3999333724790849e+03, 0., 6.2154609330306107e+02, 0.,
       1.3995507019931140e+03, 3.5771153690835303e+02, 0., 0., 1. ]
D: !!opencv-matrix
   rows: 1
   cols: 5
   dt: d
   data: [ 6.1757258372275095e-03, 8.3551737512754420e-01,
       -3.9008340194145387e-03, -4.3547362980250045e-03,
       -2.7091098828950297e+00 ]
